26 -73.98931503 40.75231246 2
36 -73.98225132 40.76827275 2
43 -74.07624661 40.91769455 0
54 -73.95743546 40.77012791 1
71 -73.991653 40.749717 1
72 -73.991653 40.749717 2
86 -73.99575 40.74055 2
91 -73.97527778 40.78694444 2
227 -73.914795 40.77869 2
314 -74.1849 40.7352 0
329 -73.96696469 40.76970215 0
386 -73.972216 40.77274259 0
485 -74.0064 40.7142 2
641 -73.99575035 40.7048097 2
748 -98.38411142 30.54126418 0
767 -73.86241389 40.75024722 0
789 -73.95755 40.72206 2
797 -73.98939 40.75238 2
799 -73.98099709 40.78054824 2
804 -73.97690982 40.75800148 2
840 -74.01009901 40.72125237 2
917 -74.0124 40.6921 2
